// 5 7 11 2 3 8 9 10 
// 5 7 11 2 3 8 10 9
// 5 7 11 2 3 10 8 9
// 5 7 11 3 2 8 9 10
// 5 7 11 3 2 8 10 9
// 5 7 11 3 2 10 8 9
// 5 7 11 3 8 2 9 10
// 5 7 11 3 8 2 10 9
// 5 7 11 3 8 9 2 10
// 5 7 11 3 8 9 10 2
// 5 7 11 3 8 10 2 9
// 5 7 11 3 8 10 9 2
// 5 7 11 3 10 2 8 9
// 5 7 11 3 10 8 2 9
// 5 7 11 3 10 8 9 2
// 5 7 3 11 2 8 9 10
// 5 7 3 11 2 8 10 9
// 5 7 3 11 2 10 8 9
// 5 7 3 11 8 2 9 10
// 5 7 3 11 8 2 10 9
// 5 7 3 11 8 9 2 10 
// 5 7 3 11 8 9 10 2
// 5 7 3 11 8 10 2 9
// 5 7 3 11 8 10 9 2
// 5 7 3 11 10 2 8 9
// 5 7 3 11 10 8 2 9
// 5 7 3 11 10 8 9 2
// 5 7 3 8 11 2 9 10
// 5 7 3 8 11 2 10 9
// 5 7 3 8 11 9 2 10
// 5 7 3 8 11 9 10 2
// 5 7 3 8 11 10 2 9
// 5 7 3 8 11 10 9 2
// 5 3 7 11 2 8 9 10
// 5 3 7 11 2 8 10 9
// 5 3 7 11 2 10 8 9
// 5 3 7 11 8 2 9 10
// 5 3 7 11 8 2 10 9
// 5 3 7 11 8 9 2 10
// 5 3 7 11 8 9 10 2 
// 5 3 7 11 8 10 2 9
// 5 3 7 11 8 10 9 2
// 5 3 7 11 10 2 8 9
// 5 3 7 11 10 8 2 9
// 5 3 7 11 10 8 9 2
// 5 3 7 8 11 2 9 10
// 5 3 7 8 11 2 10 9
// 5 3 7 8 11 9 2 10
// 5 3 7 8 11 9 10 2
// 5 3 7 8 11 10 2 9
// 5 3 7 8 11 10 9 2
// 7 5 11 2 3 8 9 10
// 7 5 11 2 3 8 10 9
// 7 5 11 2 3 10 8 9
// 7 5 11 3 2 8 9 10
// 7 5 11 3 2 8 10 9
// 7 5 11 3 2 10 8 9
// 7 5 11 3 8 2 9 10
// 7 5 11 3 8 2 10 9
// 7 5 11 3 8 9 2 10
// 7 5 11 3 8 9 10 2
// 7 5 11 3 8 10 2 9
// 7 5 11 3 8 10 9 2 
// 7 5 11 3 10 2 8 9
// 7 5 11 3 10 8 2 9
// 7 5 11 3 10 8 9 2
// 7 5 3 11 2 8 9 10
// 7 5 3 11 2 8 10 9
// 7 5 3 11 2 10 8 9
// 7 5 3 11 8 2 9 10
// 7 5 3 11 8 2 10 9
// 7 5 3 11 8 9 2 10
// 7 5 3 11 8 9 10 2
// 7 5 3 11 8 10 2 9
// 7 5 3 11 8 10 9 2
// 7 5 3 11 10 2 8 9
// 7 5 3 11 10 8 2 9
// 7 5 3 11 10 8 9 2
// 7 5 3 8 11 2 9 10
// 7 5 3 8 11 2 10 9
// 7 5 3 8 11 9 2 10
// 7 5 3 8 11 9 10 2 
// 7 5 3 8 11 10 2 9
// 7 5 3 8 11 10 9 2
// 7 3 5 11 2 8 9 10
// 7 3 5 11 2 8 10 9
// 7 3 5 11 2 10 8 9
// 7 3 5 11 8 2 9 10
// 7 3 5 11 8 2 10 9
// 7 3 5 11 8 9 2 10
// 7 3 5 11 8 9 10 2
// 7 3 5 11 8 10 2 9
// 7 3 5 11 8 10 9 2
// 7 3 5 11 10 2 8 9
// 7 3 5 11 10 8 2 9
// 7 3 5 11 10 8 9 2
// 7 3 5 8 11 2 9 10
// 7 3 5 8 11 2 10 9
// 7 3 5 8 11 9 2 10
// 7 3 5 8 11 9 10 2
// 7 3 5 8 11 10 2 9
// 7 3 5 8 11 10 9 2
// 7 3 8 5 11 2 9 10
// 7 3 8 5 11 2 10 9
// 7 3 8 5 11 9 2 10 
// 7 3 8 5 11 9 10 2
// 7 3 8 5 11 10 2 9
// 7 3 8 5 11 10 9 2
// 3 5 7 11 2 8 9 10
// 3 5 7 11 2 8 10 9
// 3 5 7 11 2 10 8 9
// 3 5 7 11 8 2 9 10
// 3 5 7 11 8 2 10 9 
// 3 5 7 11 8 9 2 10
// 3 5 7 11 8 9 10 2
// 3 5 7 11 8 10 2 9
// 3 5 7 11 8 10 9 2
// 3 5 7 11 10 2 8 9
// 3 5 7 11 10 8 2 9
// 3 5 7 11 10 8 9 2
// 3 5 7 8 11 2 9 10 
// 3 5 7 8 11 2 10 9 
// 3 5 7 8 11 9 2 10
// 3 5 7 8 11 9 10 2
// 3 5 7 8 11 10 2 9 
// 3 5 7 8 11 10 9 2
// 3 7 5 11 2 8 9 10
// 3 7 5 11 2 8 10 9
// 3 7 5 11 2 10 8 9
// 3 7 5 11 8 2 9 10
// 3 7 5 11 8 2 10 9 
// 3 7 5 11 8 9 2 10
// 3 7 5 11 8 9 10 2
// 3 7 5 11 8 10 2 9
// 3 7 5 11 8 10 9 2
// 3 7 5 11 10 2 8 9 
// 3 7 5 11 10 8 2 9
// 3 7 5 11 10 8 9 2
// 3 7 5 8 11 2 9 10
// 3 7 5 8 11 2 10 9
// 3 7 5 8 11 9 2 10
// 3 7 5 8 11 9 10 2 
// 3 7 5 8 11 10 2 9
// 3 7 5 8 11 10 9 2
// 3 7 8 5 11 2 9 10
// 3 7 8 5 11 2 10 9 
// 3 7 8 5 11 9 2 10
// 3 7 8 5 11 9 10 2
// 3 7 8 5 11 10 2 9
// 3 7 8 5 11 10 9 2